1 2
1 3
1 4
1 5
1 6
1 7
3 4
3 5
3 6
3 8
4 5
4 8
4 9
4 10
7 8
7 9
7 10
7 16
7 17
7 25
7 28
8 9
8 10
8 14
8 15
8 16
8 17
8 19
8 20
8 29
8 30
8 31
8 32
9 10
9 11
9 12
9 13
9 14
9 15
9 16
9 17
9 18
9 19
9 20
9 21
9 22
9 23
9 24
9 25
9 26
9 27
9 28
9 29
10 12
10 14
10 16
10 17
10 24
10 25
10 26
10 28
11 14
11 15
11 18
11 19
11 20
11 21
11 22
11 24
11 25
11 26
11 27
11 29
12 15
13 18
13 20
13 21
13 22
13 33
14 24
14 25
14 26
14 29
15 18
15 19
15 20
15 21
15 22
15 27
15 28
15 30
15 34
16 17
16 28
17 26
18 19
18 20
18 21
18 22
18 23
18 24
18 25
18 26
18 28
18 29
18 31
18 35
18 36
18 37
18 38
18 39
18 40
18 41
18 42
18 43
18 44
19 20
19 21
19 22
19 23
19 25
19 27
19 29
19 31
19 35
19 44
19 45
20 21
20 22
20 24
20 25
20 29
20 43
20 44
20 45
21 22
21 23
21 25
21 27
21 28
21 30
21 31
21 35
21 37
21 38
21 43
21 44
21 45
21 46
22 23
22 25
22 27
22 28
22 30
22 35
22 37
22 45
23 35
23 36
23 38
23 39
23 40
23 41
23 42
23 44
23 46
23 47
24 25
24 29
24 32
24 50
24 51
24 52
25 29
25 31
25 32
25 50
25 51
25 52
26 28
26 30
26 48
27 28
27 29
27 30
27 34
27 36
27 49
27 53
27 54
28 29
28 30
28 31
28 34
28 48
28 49
29 37
30 45
30 48
30 49
31 34
35 36
35 37
35 38
35 46
36 38
36 46
38 39
38 41
38 42
38 44
38 46
38 47
39 40
39 41
39 44
39 47
40 44
41 44
41 46
41 47
42 44
42 46
46 47
49 53
49 54
